proj:       1
zone:       -22
north:      6735375.591
south:      6734994.5747
east:       352891.2539
west:       352388.8026
cols:       1005
rows:       762
e-w resol:  0.49995154
n-s resol:  0.50002139
top:        1.000000000000000
bottom:     0.000000000000000
cols3:      1005
rows3:      762
depths:     1
e-w resol3: 0.49995154
n-s resol3: 0.50002139
t-b resol:  1
