proj:       1
zone:       -22
north:      6735375.591
south:      6734994.5747
east:       352891.2539
west:       352388.8026
cols:       1005
rows:       762
e-w resol:  0.49995154
n-s resol:  0.50002139
format:     0
compressed: 5
